wi29.tsp
1 2 6 11 12 23 29 15 17 24 21 20 25 28 5 8 22 16 9 13 19 14 4 10 18 7 3 26 27 
69552

dj38.tsp
1 5 8 19 24 9 26 6 11 27 31 36 28 17 16 18 29 35 22 20 38 33 23 12 13 4 37 15 25 10 7 3 21 14 34 30 32 2 
20688

qa194.tsp
1 125 142 176 64 88 180 161 97 52 58 99 173 11 79 105 67 46 47 102 150 43 27 44 65 136 12 66 14 158 132 177 152 179 168 9 22 165 130 72 29 193 157 151 145 103 35 119 7 33 90 175 171 120 137 129 156 172 39 118 85 107 62 96 153 131 55 18 60 135 188 159 108 30 77 93 110 127 144 181 163 128 13 194 124 114 115 92 54 191 170 95 169 15 36 182 190 147 87 70 24 69 189 10 41 106 31 5 139 149 81 78 50 98 117 8 104 75 28 73 187 113 148 167 183 101 56 48 32 3 84 184 174 4 63 38 37 68 53 138 140 134 185 146 155 51 2 19 133 122 16 83 112 59 89 45 6 160 42 123 121 25 17 91 166 111 126 49 76 100 71 80 40 141 21 61 23 74 34 154 178 192 116 57 143 186 109 162 164 82 26 86 20 94 
79373

uy734.tsp
1 79 350 109 106 258 228 479 473 579 222 359 703 482 202 165 568 123 199 643 543 548 283 599 168 541 409 113 253 414 694 634 546 237 74 34 455 128 234 596 611 293 259 663 615 49 142 176 391 639 144 136 425 440 272 488 446 526 212 145 362 354 364 398 26 730 36 159 290 491 517 211 369 245 436 419 28 493 415 469 442 294 472 538 141 380 715 647 68 5 43 717 492 624 194 475 238 618 616 412 209 709 516 117 595 505 382 46 532 490 127 287 613 578 582 468 255 503 298 273 423 555 32 361 713 217 256 655 584 15 438 71 374 600 510 610 115 275 370 323 577 164 631 408 587 731 345 306 101 403 288 406 56 385 329 219 395 221 353 108 286 41 390 180 92 158 522 451 107 386 196 248 30 173 690 411 571 365 260 178 300 285 629 186 276 232 198 638 274 242 445 394 561 480 604 544 191 437 669 271 567 110 550 241 318 154 706 8 675 337 427 333 81 652 63 153 458 441 100 392 551 733 682 680 134 321 443 133 463 558 591 696 18 257 601 478 357 393 449 433 573 432 322 189 166 169 586 429 424 644 83 130 609 296 585 689 304 405 711 612 102 668 137 650 625 498 674 80 14 651 695 156 263 72 349 525 664 569 152 363 313 679 265 195 732 40 125 377 347 112 697 537 227 358 331 7 254 226 114 699 421 48 120 38 155 376 593 236 78 225 94 2 25 243 235 307 483 533 484 197 485 148 620 39 575 495 341 456 188 702 528 397 727 27 428 104 182 530 66 58 233 502 280 431 464 549 722 583 683 366 389 54 371 540 381 351 688 667 383 12 138 17 453 401 44 270 670 73 37 592 118 454 6 512 320 119 343 213 240 509 460 564 33 50 574 728 476 60 124 334 184 666 665 76 452 338 140 23 267 95 282 90 344 45 175 13 205 289 85 673 132 687 302 96 529 22 342 308 223 645 31 87 637 268 635 206 450 686 404 210 531 720 346 646 310 157 348 4 506 716 636 499 387 628 69 55 633 632 35 162 21 215 718 648 685 439 560 316 201 266 10 511 497 410 681 340 160 126 105 328 656 547 658 264 372 116 149 496 9 708 630 734 230 536 279 67 661 707 659 299 535 557 261 89 448 3 723 86 556 315 139 207 714 501 312 98 187 519 192 262 42 122 53 251 336 504 489 277 284 229 181 521 19 589 422 507 465 64 400 653 520 220 500 163 657 75 330 565 523 605 576 513 559 375 84 701 47 514 367 417 518 590 467 396 303 712 726 430 121 705 622 623 660 295 177 129 447 597 193 356 278 684 62 691 606 554 311 61 649 368 143 131 662 481 457 654 416 598 594 327 355 379 704 319 619 508 147 418 729 553 603 246 461 641 399 339 384 170 462 420 97 59 24 588 373 435 172 250 332 135 677 51 534 52 678 413 91 208 671 291 314 214 324 621 281 477 494 542 325 326 572 487 608 602 692 474 161 103 183 466 70 724 444 407 297 249 167 434 672 642 725 292 247 335 203 693 305 200 99 719 301 700 581 190 570 539 486 388 218 580 626 524 426 402 471 20 515 698 566 224 360 378 11 640 29 65 57 204 77 617 151 721 216 16 470 710 93 82 185 269 563 317 171 552 545 607 309 88 239 252 111 150 179 459 527 562 676 244 614 627 231 174 146 352 
1537629

zi929.tsp
1 405 856 378 70 110 466 721 561 650 126 728 480 565 475 356 216 465 425 345 568 243 694 540 640 841 746 902 421 512 797 387 686 859 309 617 151 179 148 333 769 582 57 11 874 72 40 398 45 4 79 342 499 363 420 157 62 135 16 287 115 609 416 873 724 132 8 761 418 571 260 731 547 270 914 518 718 747 679 438 520 50 322 111 231 739 541 406 98 559 460 331 875 84 786 800 509 588 878 87 705 729 349 261 482 478 675 548 143 407 282 340 471 164 659 272 793 34 298 812 145 81 161 689 651 770 412 88 513 583 649 486 483 692 429 198 604 77 899 863 417 574 884 526 775 29 881 826 587 334 374 803 754 139 397 618 624 713 529 489 857 868 100 354 330 472 904 639 894 860 409 300 113 550 590 612 448 230 929 365 927 834 699 813 603 842 698 381 195 258 7 414 244 23 390 807 760 278 386 695 530 670 755 610 515 218 181 21 579 245 715 505 916 106 843 780 194 129 76 160 433 228 880 685 476 727 627 804 241 239 850 661 119 678 773 385 223 317 866 917 908 156 226 395 443 430 246 114 82 257 12 758 149 95 427 74 539 285 180 919 737 255 817 738 128 221 647 93 327 347 570 527 544 719 338 447 220 361 806 182 654 227 658 458 208 667 48 281 915 657 17 764 498 501 394 266 80 104 572 492 455 238 742 827 535 369 9 64 890 851 542 710 242 752 636 554 643 600 757 564 311 488 136 411 383 532 485 504 392 286 291 393 451 304 352 607 835 446 791 206 37 674 224 428 39 367 325 234 781 514 534 808 523 323 144 644 664 711 846 167 490 762 341 552 497 109 869 648 922 404 744 802 524 219 733 595 408 400 173 283 85 187 681 668 597 53 175 854 124 436 783 723 830 796 108 214 768 344 462 787 735 468 883 696 424 66 439 631 484 215 279 926 193 276 212 622 525 677 306 730 303 493 217 188 10 35 849 553 269 207 563 120 372 301 676 549 799 828 682 720 5 401 516 608 503 162 613 708 616 176 329 107 865 165 923 906 459 292 422 605 449 435 251 142 271 63 254 611 660 867 687 450 810 785 235 921 619 150 61 15 55 122 97 653 772 652 249 102 295 171 337 734 299 753 112 836 506 897 42 359 137 426 740 766 635 463 707 895 402 431 642 630 473 174 838 351 920 20 663 898 726 103 745 592 445 637 147 32 183 784 252 809 27 702 712 777 751 192 389 508 464 756 152 672 92 31 203 502 54 375 289 457 336 315 131 589 852 33 558 531 294 75 335 178 19 521 434 38 67 620 456 872 263 496 248 596 2 268 591 891 240 606 253 585 293 814 577 201 528 626 749 714 185 477 196 56 782 140 887 36 500 901 452 256 911 209 474 423 545 844 666 396 83 350 419 774 302 166 811 641 116 247 199 870 656 586 645 832 853 442 125 578 820 127 250 555 121 690 169 118 837 684 305 43 598 566 882 816 792 538 339 536 265 189 839 163 78 41 487 316 320 357 453 284 141 59 60 213 399 614 829 858 470 259 584 593 722 632 348 700 767 840 44 134 822 795 776 629 885 360 494 701 671 623 778 314 680 567 855 318 709 204 732 71 741 153 49 918 879 441 662 379 24 673 313 46 763 358 222 236 864 925 277 693 794 65 621 560 716 576 68 105 602 232 133 638 594 479 581 58 130 371 888 862 172 47 366 893 437 307 575 537 25 823 665 573 580 326 154 628 706 376 818 310 876 202 461 211 191 788 321 384 825 26 511 819 871 380 831 264 912 14 892 924 138 845 551 229 848 159 569 495 522 697 146 319 847 703 94 633 725 533 158 717 324 815 704 123 469 886 779 750 736 18 262 688 507 275 346 765 22 444 510 432 748 669 743 615 89 646 759 364 900 454 200 370 233 481 177 290 625 415 905 910 805 903 467 403 821 368 297 73 599 543 3 86 13 691 907 517 332 382 274 28 312 184 273 909 413 210 280 491 833 655 789 328 343 168 362 546 91 562 6 519 52 391 440 117 288 69 373 225 889 634 824 197 51 913 790 101 205 896 186 410 556 99 96 557 928 801 683 355 877 190 353 798 296 90 267 170 308 771 388 377 861 237 155 601 30 
5593446

