95037 81849 84005 92780 86841 80462 90035 81140 80295 94562 94262 98389 75042 99799 90754 91320 88964 94225 96727 94043 74880 87122 87581 83242 82382 96294 73157 82631 95058 86998 94535 86528 82885 99021 92493 87676 90042 88798 86142 84084 91417 87762 92856 80414 87649 82388 93444 95211 93852 81610 81870 92995 90232 95771 76169 87891 90514 82790 97124 93213 86842 86151 79495 87642 87103 86014 87720 88448 84450 88741 74663 70386 90632 79486 95093 90000 88961 88431 90811 83805 84976 91678 96262 86635 82442 81161 81118 73995 87135 84347 89327 81204 88270 85689 101089 95550 94836 87012 77336 81730 
87539.18
24066 23727 23401 24091 22395 23847 20939 22847 22819 23439 23732 24196 23372 24098 23646 23964 23488 23432 25149 24444 25227 23376 21900 23998 24305 23911 23716 24489 23100 23870 23116 21765 22863 23011 23533 24521 24718 24223 24599 24337 24313 25766 24014 24943 23654 24423 23726 24010 23491 23095 22949 23783 24511 21959 24637 25211 26018 24465 22036 23987 26174 22549 23543 22919 24358 24377 22460 24196 24362 26837 24149 23920 25304 23754 21954 24523 25946 24096 23239 22678 24147 22229 24069 23071 24045 24297 24006 24824 22738 23531 24206 23739 22354 24379 24497 24071 23465 21952 23334 21485 
23784.38
87839 88849 87955 86944 86353 87028 89507 89736 87508 85388 84965 83088 88362 89088 87045 85707 90506 87866 88235 85669 86904 86706 86548 87742 88143 89171 86038 87531 87892 85557 88657 87619 85778 86883 86722 86958 87238 86528 89899 87385 90411 84085 86069 85364 87071 84268 88705 85799 83909 86300 87923 85213 86021 84741 85213 89136 88031 88081 85519 86566 86318 86036 88225 89021 86606 86379 90480 89388 83465 85705 82633 90043 85944 83493 88395 89618 90217 87033 88402 86166 89224 85303 88019 83721 90263 85304 83343 89424 89558 86944 86110 86900 83455 79296 87758 86190 84877 85296 90646 84436 
86915.96
1612783 1580359 1589941 1613305 1597670 1590227 1573235 1574583 1564235 1592379 1608632 1574805 1582245 1601770 1591066 1605917 1599397 1582282 1604356 1572778 1582436 1597337 1593020 1576698 1585510 1579116 1587398 1586580 1588174 1596688 1602808 1575048 1586522 1584853 1607158 1579942 1596639 1609457 1604448 1590166 1598876 1609323 1594807 1609333 1583551 1560475 1576596 1600268 1584422 1566607 1559471 1598901 1593722 1582484 1582407 1599163 1620374 1581652 1594255 1607093 1588845 1592110 1607712 1613164 1577826 1598070 1597480 1594346 1582863 1611249 1606266 1586123 1594622 1590673 1554566 1593960 1583603 1635163 1599482 1591130 1564341 1576014 1580413 1612708 1593181 1589330 1596978 1629555 1563481 1601380 1598864 1590762 1616039 1598070 1592190 1594206 1611030 1591567 1609373 1593707 
1592281.88
5698255 5723724 5758710 5748651 5710255 5652630 5649972 5636991 5741282 5753396 5690074 5648058 5725353 5644435 5758745 5904611 5760592 5707731 5751555 5695919 5794480 5719566 5672618 5782949 5697221 5777352 5875953 5837958 5770059 5801360 5815807 5797524 5780581 5821112 5804571 5687667 5685961 5722781 5806761 5642321 5744788 5737970 5715102 5770297 5763561 5799266 5751694 5698317 5837943 5720202 5811374 5737185 5745713 5776967 5811626 5740317 5714919 5817109 5765105 5787340 5759029 5755037 5802131 5844459 5786990 5768238 5806174 5793325 5875802 5805698 5773293 5732321 5748226 5798907 5656423 5685253 5728213 5688974 5692671 5711362 5723826 5872569 5621280 5686396 5711075 5699389 5771827 5737524 5817806 5792283 5676246 5805571 5800485 5687498 5749271 5788036 5760780 5838835 5767757 5745694 
5751690.00


84110 78968 80832 84295 83865 86529 83582 81949 80513 72501 75587 85077 74571 82527 82255 79273 86897 85474 75984 81677 
81323.30
21218 21731 22211 22235 20483 23256 22584 21723 22428 22573 22286 22534 22105 23335 22073 23730 21439 21683 23774 21235 
22231.80
85101 84435 86920 86172 85336 84732 84825 86004 84594 85244 84462 82752 84152 85631 85243 85844 84628 83807 86046 86044 
85098.60
1586155 1569020 1576257 1581956 1589108 1553579 1589988 1577537 1566852 1558503 1575997 1570846 1573238 1576463 1571870 1567662 1571368 1580027 1594482 1587570 
1575923.88
5713835 5754638 5699374 5722537 5709530 5706038 5685279 5645410 5726521 5738028 5721734 5724574 5677956 5674388 5802460 5594762 5717749 5723020 5609493 5651625 
5699947.50


76200 
76200.00
20356 
20356.00
80577 
80577.00
1552385 
1552385.00
5564115 
5564115.00
