87606 84919 96061 89391 92487 85255 84425 91923 90628 80154 92534 90955 83076 84528 92130 89742 80125 93090 92154 82902 88783 92004 82817 86366 88752 69547 82410 93344 89240 85017 92318 83644 81016 87861 87544 87242 87640 86752 95621 91130 86026 83793 85826 93676 86707 82804 85486 89443 90390 93236 84406 96088 96301 79368 91085 92118 81215 87859 81717 97881 94095 94893 95911 82490 93003 91292 92760 92975 86358 93117 91245 73336 86941 72239 85272 89162 92562 93737 92261 89553 94035 86268 86689 84909 85021 95697 99487 91164 83069 82597 90962 84544 75005 84922 87506 89876 97830 95440 79076 84645 
88105.02
24633 25443 25026 23580 20348 22994 24472 25465 24893 23118 23535 22677 23703 21982 24291 22703 22815 25008 24524 23985 20948 23589 24743 23417 21898 24518 23177 24384 23093 24586 24812 25764 23705 23844 24904 25531 24428 24363 22203 23003 24142 24360 25487 24865 24703 24385 23743 23803 23172 22838 23748 24969 24762 25050 24503 23696 23248 24675 26093 24535 23116 24058 21103 23840 22427 24542 24513 26054 22762 23248 22584 23681 25143 24431 25975 24148 24044 23816 22243 23705 23297 25172 22233 25307 22992 25322 24555 24606 21455 24584 24339 24208 25421 24784 24546 23598 23721 24528 25596 23976 
23985.55
87801 82855 87512 88379 88382 85570 85199 89954 87119 89696 87214 85291 91326 85451 87444 85183 87245 88158 90072 88644 83345 87499 86472 86332 87036 84929 87349 83018 84607 89088 88600 90294 87982 87649 88290 87457 87362 86841 86497 86696 85533 86501 84146 86263 87356 85720 82767 87391 89279 84425 86716 89154 88578 87265 87655 87130 84846 83209 87841 88337 84058 91282 85959 87968 89341 88718 90089 83120 86495 88395 85775 86868 88063 88330 82900 84492 84243 84835 85925 87357 84578 87905 83766 88839 89762 85606 85471 86156 87057 86084 89947 89580 89440 84547 89239 88691 83083 85866 90143 88441 
86943.64
1606600 1583108 1580034 1601837 1613351 1606885 1574922 1574098 1587793 1581233 1580906 1609453 1607512 1610698 1560676 1590544 1600042 1595589 1604892 1610406 1581146 1604626 1590414 1615436 1582519 1574123 1593665 1578231 1605669 1618245 1595307 1590058 1595492 1593083 1596926 1594192 1619599 1575950 1594599 1598156 1595126 1604374 1599012 1571038 1592704 1596341 1586027 1590280 1585306 1579538 1549847 1608737 1573913 1599063 1588456 1605463 1604305 1599837 1585847 1616826 1595408 1590113 1604074 1574681 1582090 1593847 1585104 1595277 1595256 1572610 1597668 1585656 1609610 1597996 1591984 1594390 1578141 1595396 1600783 1585970 1592093 1573769 1605362 1602785 1604983 1561708 1574338 1586299 1610409 1565218 1578462 1608950 1574717 1573002 1586873 1609661 1559200 1610334 1562456 1598222 
1591749.50
5738519 5849553 5768794 5816557 5828346 5691465 5608061 5744735 5799840 5770457 5809028 5810023 5691768 5712142 5755967 5768530 5695338 5812283 5719451 5735100 5760668 5619788 5746075 5783275 5772457 5752889 5779594 5678808 5811502 5678346 5833223 5832004 5783681 5799019 5813623 5677623 5828711 5872271 5729163 5710473 5793825 5619439 5813907 5774445 5742654 5697938 5717708 5623700 5769173 5730113 5637711 5765638 5766267 5676328 5840630 5846568 5725087 5839577 5746947 5731021 5688879 5813114 5663917 5691442 5778667 5794372 5675833 5783904 5817159 5716694 5676771 5774974 5815529 5697328 5663146 5808084 5867497 5766428 5784169 5746154 5639302 5742400 5806459 5772397 5728444 5789750 5710798 5754683 5768496 5707032 5801037 5698245 5795729 5724648 5804913 5616746 5734588 5690324 5683823 5693779 
5749355.00


79149 81698 80688 84606 80679 79002 86706 71318 85221 79311 80990 78978 77762 81927 76023 80279 84056 78135 81840 85481 
80692.45
22913 22212 23189 23120 22493 22249 22122 22384 21730 22665 23040 22753 23542 23347 22515 22736 23233 22418 23358 22713 
22736.60
84202 86604 83243 85229 85749 82456 84688 86374 86393 85997 84494 84056 82708 85654 85564 87525 85890 83973 87642 84231 
85133.60
1583175 1581904 1575174 1580702 1587785 1584803 1543182 1573718 1570890 1594048 1563129 1566315 1577993 1572834 1552644 1585199 1588533 1581890 1553075 1582511 
1574975.25
5735759 5679932 5552284 5619188 5711785 5696588 5724616 5697671 5736977 5703055 5636324 5714995 5721009 5688467 5694924 5693613 5630282 5728213 5721494 5747782 
5691748.00


72671 
72671.00
20889 
20889.00
82702 
82702.00
1558567 
1558567.00
5516330 
5516330.00
