10 39 43
10 39 43
10 39 43
10 39 43
10 39 43
10 39 43
10 39 43
10 39 43
10 39 43
10 39 43
20 137 139
20 137 139
20 137 139
20 137 139
20 137 139
20 137 139
20 137 139
20 137 139
20 137 139
20 137 139
30 256 258
30 256 258
30 256 258
30 256 258
30 256 258
30 256 258
30 256 258
30 256 258
30 256 258
30 256 258
40 416 418
40 416 418
40 416 418
40 416 418
40 416 418
40 416 418
40 416 418
40 416 418
40 414 416
40 414 416
50 600 604
50 600 604
50 600 604
50 600 604
50 600 604
50 600 604
50 600 604
50 600 604
50 600 604
50 600 604
