10 19 13
10 19 13
10 19 13
10 19 13
10 19 13
10 19 13
10 19 13
10 19 13
10 19 13
10 19 13
20 62 45
20 62 45
20 62 45
20 62 45
20 62 45
20 62 45
20 62 45
20 62 45
20 62 45
20 62 45
30 142 82
30 142 82
30 142 82
30 142 82
30 142 82
30 142 82
30 142 82
30 142 82
30 142 82
30 142 82
40 205 153
40 205 153
40 205 153
40 205 153
40 205 153
40 205 153
40 205 153
40 205 153
40 180 116
40 180 116
50 281 148
50 281 148
50 281 148
50 281 148
50 281 148
50 281 148
50 281 148
50 281 148
50 281 148
50 281 148
1000 11103 7183
1000 11103 7183
1000 11103 7183
1000 11103 7183
1000 11103 7183
1000 11103 7183
1000 11103 7183
1000 11103 7183
1000 11103 7183
1000 11103 7183
2000 23467 13671
2000 23467 13671
2000 23467 13671
2000 23467 13671
2000 23467 13671
2000 23467 13671
2000 23467 13671
2000 23467 13671
2000 23467 13671
2000 23467 13671
3000 36635 21310
3000 36635 21310
3000 36635 21310
3000 36635 21310
3000 36635 21310
3000 36635 21310
3000 36635 21310
3000 36635 21310
3000 36635 21310
3000 36635 21310
4000 55838 31464
4000 55838 31464
4000 55838 31464
4000 55838 31464
4000 55838 31464
4000 55838 31464
4000 55838 31464
4000 55838 31464
4000 55838 31464
4000 55838 31464
5000 69926 39759
5000 69926 39759
5000 69926 39759
5000 69926 39759
5000 69926 39759
5000 69926 39759
5000 69926 39759
5000 69926 39759
5000 69926 39759
5000 69926 39759
6000 90900 44618
6000 90900 44618
6000 90900 44618
6000 90900 44618
6000 90900 44618
6000 90900 44618
6000 90900 44618
6000 90900 44618
6000 90900 44618
6000 90900 44618
7000 109447 61858
7000 109447 61858
7000 109447 61858
7000 109447 61858
7000 109447 61858
7000 109447 61858
7000 109447 61858
7000 109447 61858
7000 109447 61858
7000 109447 61858
8000 120250 65685
8000 120250 65685
8000 120250 65685
8000 120250 65685
8000 120250 65685
8000 120250 65685
8000 120250 65685
8000 120250 65685
8000 120250 65685
8000 120250 65685
9000 128818 71064
9000 128818 71064
9000 128818 71064
9000 128818 71064
9000 128818 71064
9000 128818 71064
9000 128818 71064
9000 128818 71064
9000 128818 71064
9000 128818 71064
10000 143925 81160
10000 143925 81160
10000 143925 81160
10000 143925 81160
10000 143925 81160
10000 143925 81160
10000 143925 81160
10000 143925 81160
10000 143925 81160
10000 143925 81160
11000 174119 90745
11000 174119 90745
11000 174119 90745
11000 174119 90745
11000 174119 90745
11000 166663 95604
11000 166663 95604
11000 166663 95604
11000 166663 95604
11000 166663 95604
12000 184493 101038
12000 184493 101038
12000 184493 101038
12000 184493 101038
12000 184493 101038
12000 184493 101038
12000 184493 101038
12000 184493 101038
12000 184493 101038
12000 184493 101038
13000 218695 109181
13000 218695 109181
13000 218695 109181
13000 218695 109181
13000 218695 109181
13000 218695 109181
13000 218695 109181
13000 218695 109181
13000 218695 109181
13000 218695 109181
14000 223086 121236
14000 223086 121236
14000 223086 121236
14000 223086 121236
14000 223086 121236
14000 223086 121236
14000 223086 121236
14000 223086 121236
14000 223086 121236
14000 223086 121236
15000 255085 145543
15000 255085 145543
15000 255085 145543
15000 255085 145543
15000 255085 145543
15000 255085 145543
15000 255085 145543
15000 255085 145543
15000 255085 145543
15000 255085 145543
16000 260628 136559
16000 260628 136559
16000 260628 136559
16000 260628 136559
16000 260628 136559
16000 260628 136559
16000 260628 136559
16000 260628 136559
16000 260628 136559
16000 260628 136559
17000 284747 144137
17000 284747 144137
17000 284747 144137
17000 284747 144137
17000 284747 144137
17000 284747 144137
17000 284747 144137
17000 284747 144137
17000 284747 144137
17000 284747 144137
18000 285871 154898
18000 285871 154898
18000 285871 154898
18000 285871 154898
18000 285871 154898
18000 285871 154898
18000 285871 154898
18000 285871 154898
18000 285871 154898
18000 285871 154898
19000 325804 190160
19000 325804 190160
19000 325804 190160
19000 325804 190160
19000 325804 190160
19000 325804 190160
19000 325804 190160
19000 325804 190160
19000 325804 190160
19000 325804 190160
20000 357352 208610
20000 357352 208610
20000 357352 208610
20000 357352 208610
20000 357352 208610
20000 357352 208610
20000 357352 208610
20000 357352 208610
20000 357352 208610
20000 357352 208610
21000 348952 185416
21000 348952 185416
21000 365645 199043
21000 365645 199043
21000 365645 199043
21000 365645 199043
21000 365645 199043
21000 365645 199043
21000 365645 199043
21000 365645 199043
22000 392803 234137
22000 392803 234137
22000 392803 234137
22000 392803 234137
22000 392803 234137
22000 392803 234137
22000 392803 234137
22000 392803 234137
22000 392803 234137
22000 392803 234137
23000 425424 238675
23000 425424 238675
23000 425424 238675
23000 425424 238675
23000 425424 238675
23000 425424 238675
23000 425424 238675
23000 425424 238675
23000 425424 238675
23000 425424 238675
24000 436726 233775
24000 436726 233775
24000 436726 233775
24000 436726 233775
24000 436726 233775
24000 436726 233775
24000 436726 233775
24000 436726 233775
24000 436726 233775
24000 436726 233775
25000 441495 259800
25000 441495 259800
25000 441495 259800
25000 441495 259800
25000 441495 259800
25000 441495 259800
25000 441495 259800
25000 441495 259800
25000 441495 259800
25000 441495 259800
26000 442144 244470
26000 442144 244470
26000 442144 244470
26000 442144 244470
26000 442144 244470
26000 442144 244470
26000 442144 244470
26000 442144 244470
26000 442144 244470
26000 442144 244470
27000 462339 250798
27000 462339 250798
27000 462339 250798
27000 462339 250798
27000 462339 250798
27000 462339 250798
27000 462339 250798
27000 462339 250798
27000 462339 250798
27000 462339 250798
28000 483494 253848
28000 483494 253848
28000 483494 253848
28000 483494 253848
28000 483494 253848
28000 483494 253848
28000 483494 253848
28000 483494 253848
28000 483494 253848
28000 483494 253848
29000 514872 313191
29000 514872 313191
29000 514872 313191
29000 514872 313191
29000 514872 313191
29000 514872 313191
29000 514872 313191
29000 512375 257651
29000 512375 257651
29000 512375 257651
30000 500362 283343
30000 500362 283343
30000 500362 283343
30000 500362 283343
30000 500362 283343
30000 500362 283343
30000 500362 283343
30000 500362 283343
30000 500362 283343
30000 500362 283343
31000 524111 296979
31000 524111 296979
31000 524111 296979
31000 524111 296979
31000 524111 296979
31000 524111 296979
31000 524111 296979
31000 524111 296979
31000 524111 296979
31000 524111 296979
32000 554394 317258
32000 554394 317258
32000 554394 317258
32000 554394 317258
32000 554394 317258
32000 554394 317258
32000 554394 317258
32000 554394 317258
32000 554394 317258
32000 554394 317258
33000 592556 283903
33000 592556 283903
33000 592556 283903
33000 592556 283903
33000 592556 283903
33000 592556 283903
33000 592556 283903
33000 592556 283903
33000 592556 283903
33000 592556 283903
34000 590380 318422
34000 590380 318422
34000 590380 318422
34000 590380 318422
34000 590380 318422
34000 590380 318422
34000 590380 318422
34000 590380 318422
34000 590380 318422
34000 590380 318422
35000 624851 353129
35000 624851 353129
35000 624851 353129
35000 624851 353129
35000 624851 353129
35000 624851 353129
35000 624851 353129
35000 624851 353129
35000 624851 353129
35000 624851 353129
36000 634459 351760
36000 634459 351760
36000 634459 351760
36000 634459 351760
36000 634459 351760
36000 634459 351760
36000 639410 362447
36000 639410 362447
36000 639410 362447
36000 639410 362447
37000 678424 358410
37000 678424 358410
37000 678424 358410
37000 678424 358410
37000 678424 358410
37000 678424 358410
37000 678424 358410
37000 678424 358410
37000 678424 358410
37000 678424 358410
38000 667503 338149
38000 667503 338149
38000 667503 338149
38000 667503 338149
38000 667503 338149
38000 667503 338149
38000 667503 338149
38000 667503 338149
38000 667503 338149
38000 667503 338149
39000 711774 405592
39000 711774 405592
39000 711774 405592
39000 711774 405592
39000 711774 405592
39000 711774 405592
39000 711774 405592
39000 711774 405592
39000 711774 405592
39000 711774 405592
40000 795404 421064
40000 795404 421064
40000 795404 421064
40000 795404 421064
40000 795404 421064
40000 795404 421064
40000 795404 421064
40000 795404 421064
40000 795404 421064
40000 795404 421064
41000 715074 410639
41000 715074 410639
41000 715074 410639
41000 715074 410639
41000 715074 410639
41000 715074 410639
41000 715074 410639
41000 715074 410639
41000 715074 410639
41000 715074 410639
42000 778636 412350
42000 778636 412350
42000 778636 412350
42000 778636 412350
42000 778636 412350
42000 778636 412350
42000 778636 412350
42000 778636 412350
42000 778636 412350
42000 758236 410553
43000 805791 453252
43000 805791 453252
43000 805791 453252
43000 805791 453252
43000 805791 453252
43000 805791 453252
43000 805791 453252
43000 805791 453252
43000 805791 453252
43000 805791 453252
44000 792362 418970
44000 792362 418970
44000 792362 418970
44000 792362 418970
44000 792362 418970
44000 792362 418970
44000 792362 418970
44000 792362 418970
44000 792362 418970
44000 792362 418970
45000 812592 427716
45000 812592 427716
45000 812592 427716
45000 812592 427716
45000 812592 427716
45000 812592 427716
45000 812592 427716
45000 812592 427716
45000 812592 427716
45000 812592 427716
46000 859906 504887
46000 859906 504887
46000 859906 504887
46000 859906 504887
46000 859906 504887
46000 859906 504887
46000 859906 504887
46000 859906 504887
46000 859906 504887
46000 859906 504887
47000 848438 474402
47000 848438 474402
47000 848438 474402
47000 848438 474402
47000 848438 474402
47000 848438 474402
47000 848438 474402
47000 848438 474402
47000 848438 474402
47000 848438 474402
48000 899048 479589
48000 899048 479589
48000 899048 479589
48000 899048 479589
48000 899048 479589
48000 899048 479589
48000 899048 479589
48000 921210 505908
48000 921210 505908
48000 921210 505908
49000 878894 500020
49000 878894 500020
49000 878894 500020
49000 878894 500020
49000 878894 500020
49000 878894 500020
49000 878894 500020
49000 878894 500020
49000 878894 500020
49000 878894 500020
50000 1029238 603211
50000 1029238 603211
50000 1029238 603211
50000 1029238 603211
50000 1029238 603211
50000 1029238 603211
50000 1029238 603211
50000 1029238 603211
50000 1029238 603211
50000 1029238 603211
