10 29 31
10 29 31
10 29 31
10 29 31
10 29 31
10 29 31
10 29 31
10 29 31
10 29 31
10 29 31
20 71 68
20 71 68
20 71 68
20 71 68
20 71 68
20 71 68
20 71 68
20 71 68
20 71 68
20 71 68
30 133 120
30 133 120
30 133 120
30 133 120
30 133 120
30 133 120
30 133 120
30 133 120
30 133 120
30 133 120
40 206 176
40 206 176
40 206 176
40 206 176
40 206 176
40 206 176
40 206 176
40 206 176
40 206 176
40 195 177
50 306 250
50 306 250
50 306 250
50 306 250
50 306 250
50 306 250
50 306 250
50 306 250
50 306 250
50 306 250
1000 10724 6453
1000 10724 6453
1000 10724 6453
1000 10724 6453
1000 10724 6453
1000 10724 6453
1000 10724 6453
1000 10724 6453
1000 10724 6453
1000 10724 6453
2000 24821 15188
2000 24821 15188
2000 24821 15188
2000 24821 15188
2000 24821 15188
2000 24821 15188
2000 24821 15188
2000 24821 15188
2000 24821 15188
2000 24821 15188
3000 39608 25147
3000 39608 25147
3000 39608 25147
3000 39608 25147
3000 39608 25147
3000 39608 25147
3000 39608 25147
3000 39608 25147
3000 39608 25147
3000 39608 25147
4000 55847 32448
4000 55847 32448
4000 55847 32448
4000 55847 32448
4000 55847 32448
4000 55847 32448
4000 55847 32448
4000 55847 32448
4000 55847 32448
4000 55847 32448
5000 70675 42400
5000 70675 42400
5000 70675 42400
5000 70675 42400
5000 70675 42400
5000 70675 42400
5000 70675 42400
5000 70675 42400
5000 70675 42400
5000 70675 42400
6000 84595 52674
6000 84595 52674
6000 84595 52674
6000 84595 52674
6000 84595 52674
6000 84595 52674
6000 84595 52674
6000 84595 52674
6000 84595 52674
6000 84595 52674
7000 104372 63528
7000 104372 63528
7000 104372 63528
7000 104372 63528
7000 104372 63528
7000 104372 63528
7000 104372 63528
7000 104372 63528
7000 104372 63528
7000 104372 63528
8000 131060 67408
8000 131060 67408
8000 131060 67408
8000 131060 67408
8000 131060 67408
8000 131060 67408
8000 131060 67408
8000 131060 67408
8000 131060 67408
8000 131060 67408
9000 137673 81951
9000 137673 81951
9000 137673 81951
9000 137673 81951
9000 137673 81951
9000 137673 81951
9000 137673 81951
9000 137673 81951
9000 137673 81951
9000 137673 81951
10000 161622 100125
10000 161622 100125
10000 161622 100125
10000 161622 100125
10000 161622 100125
10000 161622 100125
10000 161622 100125
10000 161622 100125
10000 161622 100125
10000 161622 100125
11000 176901 103000
11000 176901 103000
11000 176901 103000
11000 183360 105912
11000 183360 105912
11000 183360 105912
11000 183360 105912
11000 183360 105912
11000 183360 105912
11000 183360 105912
12000 189287 111308
12000 189287 111308
12000 189287 111308
12000 189287 111308
12000 189287 111308
12000 189287 111308
12000 189287 111308
12000 189287 111308
12000 189287 111308
12000 189287 111308
13000 204234 115743
13000 204234 115743
13000 204234 115743
13000 204234 115743
13000 204234 115743
13000 204234 115743
13000 204234 115743
13000 204234 115743
13000 204234 115743
13000 204234 115743
14000 232494 143508
14000 232494 143508
14000 232494 143508
14000 232494 143508
14000 232494 143508
14000 232494 143508
14000 232494 143508
14000 232494 143508
14000 232494 143508
14000 232494 143508
15000 251732 148055
15000 251732 148055
15000 251732 148055
15000 251732 148055
15000 251732 148055
15000 251732 148055
15000 251732 148055
15000 251732 148055
15000 251732 148055
15000 251732 148055
16000 271596 159555
16000 271596 159555
16000 271596 159555
16000 271596 159555
16000 271596 159555
16000 271596 159555
16000 271596 159555
16000 271596 159555
16000 271596 159555
16000 271596 159555
17000 281836 163474
17000 281836 163474
17000 281836 163474
17000 281836 163474
17000 281836 163474
17000 281836 163474
17000 281836 163474
17000 281836 163474
17000 281836 163474
17000 281836 163474
18000 310601 195844
18000 310601 195844
18000 310601 195844
18000 310601 195844
18000 310601 195844
18000 310601 195844
18000 310601 195844
18000 310601 195844
18000 310601 195844
18000 310601 195844
19000 326702 202897
19000 326702 202897
19000 326702 202897
19000 326702 202897
19000 326702 202897
19000 326702 202897
19000 326702 202897
19000 326702 202897
19000 326702 202897
19000 326702 202897
20000 344505 202045
20000 344505 202045
20000 344505 202045
20000 344505 202045
20000 344505 202045
20000 344505 202045
20000 344505 202045
20000 344505 202045
20000 344505 202045
20000 344505 202045
21000 395869 215305
21000 380601 231512
21000 380601 231512
21000 380601 231512
21000 380601 231512
21000 380601 231512
21000 380601 231512
21000 380601 231512
21000 380601 231512
21000 380601 231512
22000 379900 216362
22000 379900 216362
22000 379900 216362
22000 379900 216362
22000 379900 216362
22000 379900 216362
22000 379900 216362
22000 379900 216362
22000 379900 216362
22000 379900 216362
23000 392139 232932
23000 392139 232932
23000 392139 232932
23000 392139 232932
23000 392139 232932
23000 392139 232932
23000 392139 232932
23000 392139 232932
23000 392139 232932
23000 392139 232932
24000 426651 258711
24000 426651 258711
24000 426651 258711
24000 426651 258711
24000 426651 258711
24000 426651 258711
24000 426651 258711
24000 426651 258711
24000 426651 258711
24000 426651 258711
25000 454540 264874
25000 454540 264874
25000 454540 264874
25000 454540 264874
25000 454540 264874
25000 454540 264874
25000 454540 264874
25000 454540 264874
25000 454540 264874
25000 454540 264874
26000 466466 284533
26000 466466 284533
26000 466466 284533
26000 466466 284533
26000 466466 284533
26000 466466 284533
26000 466466 284533
26000 466466 284533
26000 466466 284533
26000 466466 284533
27000 492807 289904
27000 492807 289904
27000 492807 289904
27000 492807 289904
27000 492807 289904
27000 492807 289904
27000 492807 289904
27000 492807 289904
27000 492807 289904
27000 492807 289904
28000 519596 321415
28000 519596 321415
28000 519596 321415
28000 519596 321415
28000 519596 321415
28000 519596 321415
28000 519596 321415
28000 519596 321415
28000 519596 321415
28000 519596 321415
29000 512453 300173
29000 512453 300173
29000 512453 300173
29000 512453 300173
29000 512453 300173
29000 512453 300173
29000 512453 300173
29000 512453 300173
29000 512453 300173
29000 512453 300173
30000 552889 343425
30000 552889 343425
30000 563405 329407
30000 563405 329407
30000 563405 329407
30000 563405 329407
30000 563405 329407
30000 563405 329407
30000 563405 329407
30000 563405 329407
31000 562269 322860
31000 562269 322860
31000 562269 322860
31000 562269 322860
31000 562269 322860
31000 562269 322860
31000 562269 322860
31000 562269 322860
31000 562269 322860
31000 562269 322860
32000 566513 329939
32000 566513 329939
32000 566513 329939
32000 566513 329939
32000 566513 329939
32000 566513 329939
32000 566513 329939
32000 566513 329939
32000 566513 329939
32000 566513 329939
33000 607926 332826
33000 607926 332826
33000 607926 332826
33000 607926 332826
33000 607926 332826
33000 607926 332826
33000 607926 332826
33000 607926 332826
33000 607926 332826
33000 607926 332826
34000 621820 361538
34000 621820 361538
34000 621820 361538
34000 621820 361538
34000 621820 361538
34000 621820 361538
34000 621820 361538
34000 621820 361538
34000 621820 361538
34000 621820 361538
35000 665241 393928
35000 665241 393928
35000 665241 393928
35000 665241 393928
35000 665241 393928
35000 665241 393928
35000 665241 393928
35000 665241 393928
35000 665241 393928
35000 665241 393928
36000 629603 380270
36000 629603 380270
36000 629603 380270
36000 629603 380270
36000 629603 380270
36000 629603 380270
36000 629603 380270
36000 629603 380270
36000 629603 380270
36000 629603 380270
37000 696867 435650
37000 696867 435650
37000 696867 435650
37000 696867 435650
37000 673346 412069
37000 673346 412069
37000 673346 412069
37000 673346 412069
37000 673346 412069
37000 673346 412069
38000 738691 407729
38000 738691 407729
38000 738691 407729
38000 738691 407729
38000 738691 407729
38000 738691 407729
38000 738691 407729
38000 738691 407729
38000 738691 407729
38000 738691 407729
39000 755262 433891
39000 755262 433891
39000 755262 433891
39000 755262 433891
39000 755262 433891
39000 755262 433891
39000 755262 433891
39000 755262 433891
39000 755262 433891
39000 755262 433891
40000 742503 418010
40000 742503 418010
40000 742503 418010
40000 742503 418010
40000 742503 418010
40000 742503 418010
40000 742503 418010
40000 742503 418010
40000 742503 418010
40000 742503 418010
41000 754145 420906
41000 754145 420906
41000 754145 420906
41000 754145 420906
41000 754145 420906
41000 754145 420906
41000 754145 420906
41000 754145 420906
41000 754145 420906
41000 754145 420906
42000 774076 436945
42000 774076 436945
42000 774076 436945
42000 774076 436945
42000 774076 436945
42000 774076 436945
42000 774076 436945
42000 774076 436945
42000 774076 436945
42000 774076 436945
43000 799522 474614
43000 799522 474614
43000 799522 474614
43000 799522 474614
43000 799522 474614
43000 799522 474614
43000 799522 474614
43000 799522 474614
43000 865452 495130
43000 865452 495130
44000 856654 498744
44000 856654 498744
44000 856654 498744
44000 856654 498744
44000 856654 498744
44000 856654 498744
44000 856654 498744
44000 856654 498744
44000 856654 498744
44000 856654 498744
45000 884724 532908
45000 884724 532908
45000 884724 532908
45000 884724 532908
45000 884724 532908
45000 884724 532908
45000 884724 532908
45000 884724 532908
45000 884724 532908
45000 884724 532908
46000 849477 470473
46000 849477 470473
46000 849477 470473
46000 849477 470473
46000 849477 470473
46000 849477 470473
46000 849477 470473
46000 849477 470473
46000 849477 470473
46000 849477 470473
47000 883567 536244
47000 883567 536244
47000 883567 536244
47000 883567 536244
47000 883567 536244
47000 883567 536244
47000 883567 536244
47000 883567 536244
47000 883567 536244
47000 883567 536244
48000 978320 540733
48000 978320 540733
48000 978320 540733
48000 978320 540733
48000 978320 540733
48000 978320 540733
48000 978320 540733
48000 978320 540733
48000 978320 540733
48000 978320 540733
49000 941881 514666
49000 941881 514666
49000 941881 514666
49000 941881 514666
49000 941881 514666
49000 941881 514666
49000 920541 503163
49000 920541 503163
49000 920541 503163
49000 920541 503163
50000 989161 542283
50000 989161 542283
50000 989161 542283
50000 989161 542283
50000 989161 542283
50000 989161 542283
50000 989161 542283
50000 989161 542283
50000 989161 542283
50000 989161 542283
