10 29 31
10 29 31
10 29 31
10 29 31
10 29 31
10 29 31
10 29 31
10 29 31
10 29 31
10 29 31
20 114 117
20 114 117
20 114 117
20 114 117
20 114 117
20 114 117
20 114 117
20 114 117
20 114 117
20 114 117
30 214 215
30 214 215
30 214 215
30 214 215
30 214 215
30 214 215
30 214 215
30 214 215
30 214 215
30 214 215
40 442 444
40 442 444
40 442 444
40 442 444
40 442 444
40 442 444
40 442 444
40 442 444
40 442 444
40 425 425
50 727 727
50 727 727
50 727 727
50 727 727
50 727 727
50 727 727
50 727 727
50 727 727
50 727 727
50 727 727
