10 29 19
10 29 19
10 29 19
10 29 19
10 29 19
10 29 19
10 29 19
10 29 19
10 29 19
10 29 19
20 72 64
20 72 64
20 72 64
20 72 64
20 72 64
20 72 64
20 72 64
20 72 64
20 72 64
20 72 64
30 128 94
30 128 94
30 128 94
30 128 94
30 128 94
30 128 94
30 128 94
30 128 94
30 128 94
30 128 94
40 176 122
40 176 122
40 176 122
40 176 122
40 176 122
40 176 122
40 176 122
40 176 122
40 176 122
40 177 154
50 240 151
50 240 151
50 240 151
50 240 151
50 240 151
50 240 151
50 240 151
50 240 151
50 240 151
50 240 151
1000 10236 5375
1000 10236 5375
1000 10236 5375
1000 10236 5375
1000 10236 5375
1000 10236 5375
1000 10236 5375
1000 10236 5375
1000 10236 5375
1000 10236 5375
2000 23914 13125
2000 23914 13125
2000 23914 13125
2000 23914 13125
2000 23914 13125
2000 23914 13125
2000 23914 13125
2000 23914 13125
2000 23914 13125
2000 23914 13125
3000 38044 21863
3000 38044 21863
3000 38044 21863
3000 38044 21863
3000 38044 21863
3000 38044 21863
3000 38044 21863
3000 38044 21863
3000 38044 21863
3000 38044 21863
4000 53924 28325
4000 53924 28325
4000 53924 28325
4000 53924 28325
4000 53924 28325
4000 53924 28325
4000 53924 28325
4000 53924 28325
4000 53924 28325
4000 53924 28325
5000 68272 37150
5000 68272 37150
5000 68272 37150
5000 68272 37150
5000 68272 37150
5000 68272 37150
5000 68272 37150
5000 68272 37150
5000 68272 37150
5000 68272 37150
6000 81843 46636
6000 81843 46636
6000 81843 46636
6000 81843 46636
6000 81843 46636
6000 81843 46636
6000 81843 46636
6000 81843 46636
6000 81843 46636
6000 81843 46636
7000 101070 56128
7000 101070 56128
7000 101070 56128
7000 101070 56128
7000 101070 56128
7000 101070 56128
7000 101070 56128
7000 101070 56128
7000 101070 56128
7000 101070 56128
8000 127012 58854
8000 127012 58854
8000 127012 58854
8000 127012 58854
8000 127012 58854
8000 127012 58854
8000 127012 58854
8000 127012 58854
8000 127012 58854
8000 127012 58854
9000 133362 72532
9000 133362 72532
9000 133362 72532
9000 133362 72532
9000 133362 72532
9000 133362 72532
9000 133362 72532
9000 133362 72532
9000 133362 72532
9000 133362 72532
10000 157211 90090
10000 157211 90090
10000 157211 90090
10000 157211 90090
10000 157211 90090
10000 157211 90090
10000 157211 90090
10000 157211 90090
10000 157211 90090
10000 157211 90090
11000 171792 91684
11000 171792 91684
11000 171792 91684
11000 171792 91684
11000 178197 94930
11000 178197 94930
11000 178197 94930
11000 178197 94930
11000 178197 94930
11000 178197 94930
12000 183666 99106
12000 183666 99106
12000 183666 99106
12000 183666 99106
12000 183666 99106
12000 183666 99106
12000 183666 99106
12000 183666 99106
12000 183666 99106
12000 183666 99106
13000 198095 102537
13000 198095 102537
13000 198095 102537
13000 198095 102537
13000 198095 102537
13000 198095 102537
13000 198095 102537
13000 198095 102537
13000 198095 102537
13000 198095 102537
14000 226328 129416
14000 226328 129416
14000 226328 129416
14000 226328 129416
14000 226328 129416
14000 226328 129416
14000 226328 129416
14000 226328 129416
14000 226328 129416
14000 226328 129416
15000 244953 132727
15000 244953 132727
15000 244953 132727
15000 244953 132727
15000 244953 132727
15000 244953 132727
15000 244953 132727
15000 244953 132727
15000 244953 132727
15000 244953 132727
16000 263728 142807
16000 263728 142807
16000 263728 142807
16000 263728 142807
16000 263728 142807
16000 263728 142807
16000 263728 142807
16000 263728 142807
16000 263728 142807
16000 263728 142807
17000 273435 145508
17000 273435 145508
17000 273435 145508
17000 273435 145508
17000 273435 145508
17000 273435 145508
17000 273435 145508
17000 273435 145508
17000 273435 145508
17000 273435 145508
18000 302133 177265
18000 302133 177265
18000 302133 177265
18000 302133 177265
18000 302133 177265
18000 302133 177265
18000 302133 177265
18000 302133 177265
18000 302133 177265
18000 302133 177265
19000 317577 182752
19000 317577 182752
19000 317577 182752
19000 317577 182752
19000 317577 182752
19000 317577 182752
19000 317577 182752
19000 317577 182752
19000 317577 182752
19000 317577 182752
20000 335390 181991
20000 335390 181991
20000 335390 181991
20000 335390 181991
20000 335390 181991
20000 335390 181991
20000 335390 181991
20000 335390 181991
20000 335390 181991
20000 335390 181991
21000 386074 193839
21000 370454 209900
21000 370454 209900
21000 370454 209900
21000 370454 209900
21000 370454 209900
21000 370454 209900
21000 370454 209900
21000 370454 209900
21000 370454 209900
22000 370358 194281
22000 370358 194281
22000 370358 194281
22000 370358 194281
22000 370358 194281
22000 370358 194281
22000 370358 194281
22000 370358 194281
22000 370358 194281
22000 370358 194281
23000 381889 209737
23000 381889 209737
23000 381889 209737
23000 381889 209737
23000 381889 209737
23000 381889 209737
23000 381889 209737
23000 381889 209737
23000 381889 209737
23000 381889 209737
24000 415474 234036
24000 415474 234036
24000 415474 234036
24000 415474 234036
24000 415474 234036
24000 415474 234036
24000 415474 234036
24000 415474 234036
24000 415474 234036
24000 415474 234036
25000 443267 239455
25000 443267 239455
25000 443267 239455
25000 443267 239455
25000 443267 239455
25000 443267 239455
25000 443267 239455
25000 443267 239455
25000 443267 239455
25000 443267 239455
26000 454209 257644
26000 454209 257644
26000 454209 257644
26000 454209 257644
26000 454209 257644
26000 454209 257644
26000 454209 257644
26000 454209 257644
26000 454209 257644
26000 454209 257644
27000 480799 263019
27000 480799 263019
27000 480799 263019
27000 480799 263019
27000 480799 263019
27000 480799 263019
27000 480799 263019
27000 480799 263019
27000 480799 263019
27000 480799 263019
28000 506105 291847
28000 506105 291847
28000 506105 291847
28000 506105 291847
28000 506105 291847
28000 506105 291847
28000 506105 291847
28000 506105 291847
28000 506105 291847
28000 506105 291847
29000 498636 269751
29000 498636 269751
29000 498636 269751
29000 498636 269751
29000 498636 269751
29000 498636 269751
29000 498636 269751
29000 498636 269751
29000 498636 269751
29000 498636 269751
30000 539165 312885
30000 539165 312885
30000 549196 298375
30000 549196 298375
30000 549196 298375
30000 549196 298375
30000 549196 298375
30000 549196 298375
30000 549196 298375
30000 549196 298375
31000 547890 291077
31000 547890 291077
31000 547890 291077
31000 547890 291077
31000 547890 291077
31000 547890 291077
31000 547890 291077
31000 547890 291077
31000 547890 291077
31000 547890 291077
32000 551715 297831
32000 551715 297831
32000 551715 297831
32000 551715 297831
32000 551715 297831
32000 551715 297831
32000 551715 297831
32000 551715 297831
32000 551715 297831
32000 551715 297831
33000 592352 298914
33000 592352 298914
33000 592352 298914
33000 592352 298914
33000 592352 298914
33000 592352 298914
33000 592352 298914
33000 592352 298914
33000 592352 298914
33000 592352 298914
34000 606080 326672
34000 606080 326672
34000 606080 326672
34000 606080 326672
34000 606080 326672
34000 606080 326672
34000 606080 326672
34000 606080 326672
34000 606080 326672
34000 606080 326672
35000 649398 358517
35000 649398 358517
35000 649398 358517
35000 649398 358517
35000 649398 358517
35000 649398 358517
35000 649398 358517
35000 649398 358517
35000 649398 358517
35000 649398 358517
36000 612906 343596
36000 612906 343596
36000 612906 343596
36000 612906 343596
36000 612906 343596
36000 612906 343596
36000 612906 343596
36000 612906 343596
36000 612906 343596
36000 612906 343596
37000 679600 397763
37000 679600 397763
37000 679600 397763
37000 679600 397763
37000 679600 397763
37000 655993 373782
37000 655993 373782
37000 655993 373782
37000 655993 373782
37000 655993 373782
38000 720758 368494
38000 720758 368494
38000 720758 368494
38000 720758 368494
38000 720758 368494
38000 720758 368494
38000 720758 368494
38000 720758 368494
38000 720758 368494
38000 720758 368494
39000 736930 393897
39000 736930 393897
39000 736930 393897
39000 736930 393897
39000 736930 393897
39000 736930 393897
39000 736930 393897
39000 736930 393897
39000 736930 393897
39000 736930 393897
40000 723693 376201
40000 723693 376201
40000 723693 376201
40000 723693 376201
40000 723693 376201
40000 723693 376201
40000 723693 376201
40000 723693 376201
40000 723693 376201
40000 723693 376201
41000 734113 377651
41000 734113 377651
41000 734113 377651
41000 734113 377651
41000 734113 377651
41000 734113 377651
41000 734113 377651
41000 734113 377651
41000 734113 377651
41000 734113 377651
42000 755197 395049
42000 755197 395049
42000 755197 395049
42000 755197 395049
42000 755197 395049
42000 755197 395049
42000 755197 395049
42000 755197 395049
42000 755197 395049
42000 755197 395049
43000 779660 430749
43000 779660 430749
43000 779660 430749
43000 779660 430749
43000 779660 430749
43000 779660 430749
43000 779660 430749
43000 779660 430749
43000 779660 430749
43000 845549 451330
44000 835563 452421
44000 835563 452421
44000 835563 452421
44000 835563 452421
44000 835563 452421
44000 835563 452421
44000 835563 452421
44000 835563 452421
44000 835563 452421
44000 835563 452421
45000 864453 487691
45000 864453 487691
45000 864453 487691
45000 864453 487691
45000 864453 487691
45000 864453 487691
45000 864453 487691
45000 864453 487691
45000 864453 487691
45000 864453 487691
46000 827644 422701
46000 827644 422701
46000 827644 422701
46000 827644 422701
46000 827644 422701
46000 827644 422701
46000 827644 422701
46000 827644 422701
46000 827644 422701
46000 827644 422701
47000 861688 487295
47000 861688 487295
47000 861688 487295
47000 861688 487295
47000 861688 487295
47000 861688 487295
47000 861688 487295
47000 861688 487295
47000 861688 487295
47000 861688 487295
48000 956353 491595
48000 956353 491595
48000 956353 491595
48000 956353 491595
48000 956353 491595
48000 956353 491595
48000 956353 491595
48000 956353 491595
48000 956353 491595
48000 956353 491595
49000 918557 463912
49000 918557 463912
49000 918557 463912
49000 918557 463912
49000 918557 463912
49000 918557 463912
49000 918557 463912
49000 898336 453369
49000 898336 453369
49000 898336 453369
50000 966070 491884
50000 966070 491884
50000 966070 491884
50000 966070 491884
50000 966070 491884
50000 966070 491884
50000 966070 491884
50000 966070 491884
50000 966070 491884
50000 966070 491884
