10 20 17
20 92 69
30 139 101
40 219 164
50 257 200
1000 11427 8274
2000 23163 13966
3000 39453 21787
4000 56500 30309
5000 67589 40176
6000 85023 47020
7000 101216 55050
8000 121978 63090
9000 139168 66300
10000 153564 88424
11000 171077 105396
12000 185515 101971
13000 216659 116250
14000 224406 129147
15000 255835 134704
16000 299382 191895
17000 282098 155106
18000 307796 166974
19000 317960 181184
20000 353773 185079
21000 382000 197711
22000 388175 205302
23000 399087 216775
24000 406610 228755
25000 428063 232502
26000 497902 254839
27000 475080 267970
28000 478394 262472
29000 535728 309264
30000 515899 275651
31000 545798 306825
32000 572107 314051
33000 635284 381805
34000 617185 346661
35000 621090 318302
36000 639851 360766
37000 677839 384615
38000 716785 337162
39000 724310 393210
40000 733708 410769
41000 822799 477881
42000 763648 383131
43000 772308 441949
44000 814749 464848
45000 807393 461870
46000 898639 463963
47000 903889 426477
48000 907278 487306
49000 882062 467663
50000 917881 523807
