10 25 27
10 25 27
10 25 27
10 25 27
10 25 27
10 25 27
10 25 27
10 25 27
10 25 27
10 25 27
20 62 44
20 62 44
20 62 44
20 62 44
20 62 44
20 62 44
20 62 44
20 62 44
20 62 44
20 62 44
30 143 87
30 143 87
30 143 87
30 143 87
30 143 87
30 143 87
30 143 87
30 143 87
30 143 87
30 143 87
40 200 151
40 200 151
40 200 151
40 200 151
40 200 151
40 200 151
40 200 151
40 182 122
40 182 122
40 182 122
50 277 148
50 277 148
50 277 148
50 277 148
50 277 148
50 277 148
50 277 148
50 277 148
50 277 148
50 277 148
1000 11070 7212
1000 11070 7212
1000 11070 7212
1000 11070 7212
1000 11070 7212
1000 11070 7212
1000 11070 7212
1000 11070 7212
1000 11070 7212
1000 11070 7212
2000 23427 13794
2000 23427 13794
2000 23427 13794
2000 23427 13794
2000 23427 13794
2000 23427 13794
2000 23427 13794
2000 23427 13794
2000 23427 13794
2000 23427 13794
3000 36596 21522
3000 36596 21522
3000 36596 21522
3000 36596 21522
3000 36596 21522
3000 36596 21522
3000 36596 21522
3000 36596 21522
3000 36596 21522
3000 36596 21522
4000 55746 31639
4000 55746 31639
4000 55746 31639
4000 55746 31639
4000 55746 31639
4000 55746 31639
4000 55746 31639
4000 55746 31639
4000 55746 31639
4000 55746 31639
5000 69918 40140
5000 69918 40140
5000 69918 40140
5000 69918 40140
5000 69918 40140
5000 69918 40140
5000 69918 40140
5000 69918 40140
5000 69918 40140
5000 69918 40140
6000 90878 45118
6000 90878 45118
6000 90878 45118
6000 90878 45118
6000 90878 45118
6000 90878 45118
6000 90878 45118
6000 90878 45118
6000 90878 45118
6000 90878 45118
7000 109369 62430
7000 109369 62430
7000 109369 62430
7000 109369 62430
7000 109369 62430
7000 109369 62430
7000 109369 62430
7000 109369 62430
7000 109369 62430
7000 109369 62430
8000 120180 66337
8000 120180 66337
8000 120180 66337
8000 120180 66337
8000 120180 66337
8000 120180 66337
8000 120180 66337
8000 120180 66337
8000 120180 66337
8000 120180 66337
9000 128624 71630
9000 128624 71630
9000 128624 71630
9000 128624 71630
9000 128624 71630
9000 128624 71630
9000 128624 71630
9000 128624 71630
9000 128624 71630
9000 128624 71630
10000 143781 81939
10000 143781 81939
10000 143781 81939
10000 143781 81939
10000 143781 81939
10000 143781 81939
10000 143781 81939
10000 143781 81939
10000 143781 81939
10000 143781 81939
11000 173916 91496
11000 173916 91496
11000 173916 91496
11000 173916 91496
11000 166514 96369
11000 166514 96369
11000 166514 96369
11000 166514 96369
11000 166514 96369
11000 166514 96369
12000 184339 101852
12000 184339 101852
12000 184339 101852
12000 184339 101852
12000 184339 101852
12000 184339 101852
12000 184339 101852
12000 184339 101852
12000 184339 101852
12000 184339 101852
13000 218492 110042
13000 218492 110042
13000 218492 110042
13000 218492 110042
13000 218492 110042
13000 218492 110042
13000 218492 110042
13000 218492 110042
13000 218492 110042
13000 218492 110042
14000 222951 122239
14000 222951 122239
14000 222951 122239
14000 222951 122239
14000 222951 122239
14000 222951 122239
14000 222951 122239
14000 222951 122239
14000 222951 122239
14000 222951 122239
15000 255005 146785
15000 255005 146785
15000 255005 146785
15000 255005 146785
15000 255005 146785
15000 255005 146785
15000 255005 146785
15000 255005 146785
15000 255005 146785
15000 255005 146785
16000 260308 137409
16000 260308 137409
16000 260308 137409
16000 260308 137409
16000 260308 137409
16000 260308 137409
16000 260308 137409
16000 260308 137409
16000 260308 137409
16000 260308 137409
17000 284525 145422
17000 284525 145422
17000 284525 145422
17000 284525 145422
17000 284525 145422
17000 284525 145422
17000 284525 145422
17000 284525 145422
17000 284525 145422
17000 284525 145422
18000 285702 156218
18000 285702 156218
18000 285702 156218
18000 285702 156218
18000 285702 156218
18000 285702 156218
18000 285702 156218
18000 285702 156218
18000 285702 156218
18000 285702 156218
19000 325565 191607
19000 325565 191607
19000 325565 191607
19000 325565 191607
19000 325565 191607
19000 325565 191607
19000 325565 191607
19000 325565 191607
19000 325565 191607
19000 325565 191607
20000 357241 210143
20000 357241 210143
20000 357241 210143
20000 357241 210143
20000 357241 210143
20000 357241 210143
20000 357241 210143
20000 357241 210143
20000 357241 210143
20000 357241 210143
21000 348767 187072
21000 365299 200346
21000 365299 200346
21000 365299 200346
21000 365299 200346
21000 365299 200346
21000 365299 200346
21000 365299 200346
21000 365299 200346
21000 365299 200346
22000 392460 235509
22000 392460 235509
22000 392460 235509
22000 392460 235509
22000 392460 235509
22000 392460 235509
22000 392460 235509
22000 392460 235509
22000 392460 235509
22000 392460 235509
23000 424970 240007
23000 424970 240007
23000 424970 240007
23000 424970 240007
23000 424970 240007
23000 424970 240007
23000 424970 240007
23000 424970 240007
23000 424970 240007
23000 424970 240007
24000 436412 235453
24000 436412 235453
24000 436412 235453
24000 436412 235453
24000 436412 235453
24000 436412 235453
24000 436412 235453
24000 436412 235453
24000 436412 235453
24000 436412 235453
25000 441059 261377
25000 441059 261377
25000 441059 261377
25000 441059 261377
25000 441059 261377
25000 441059 261377
25000 441059 261377
25000 441059 261377
25000 441059 261377
25000 441059 261377
26000 441960 246460
26000 441960 246460
26000 441960 246460
26000 441960 246460
26000 441960 246460
26000 441960 246460
26000 441960 246460
26000 441960 246460
26000 441960 246460
26000 441960 246460
27000 462139 252958
27000 462139 252958
27000 462139 252958
27000 462139 252958
27000 462139 252958
27000 462139 252958
27000 462139 252958
27000 462139 252958
27000 462139 252958
27000 462139 252958
28000 483214 255977
28000 483214 255977
28000 483214 255977
28000 483214 255977
28000 483214 255977
28000 483214 255977
28000 483214 255977
28000 483214 255977
28000 483214 255977
28000 483214 255977
29000 514661 315418
29000 514661 315418
29000 514661 315418
29000 514661 315418
29000 514661 315418
29000 514661 315418
29000 512228 259896
29000 512228 259896
29000 512228 259896
29000 512228 259896
30000 499869 285242
30000 499869 285242
30000 499869 285242
30000 499869 285242
30000 499869 285242
30000 499869 285242
30000 499869 285242
30000 499869 285242
30000 499869 285242
30000 499869 285242
31000 523884 299732
31000 523884 299732
31000 523884 299732
31000 523884 299732
31000 523884 299732
31000 523884 299732
31000 523884 299732
31000 523884 299732
31000 523884 299732
31000 523884 299732
32000 554094 319569
32000 554094 319569
32000 554094 319569
32000 554094 319569
32000 554094 319569
32000 554094 319569
32000 554094 319569
32000 554094 319569
32000 554094 319569
32000 554094 319569
33000 592228 286275
33000 592228 286275
33000 592228 286275
33000 592228 286275
33000 592228 286275
33000 592228 286275
33000 592228 286275
33000 592228 286275
33000 592228 286275
33000 592228 286275
34000 589908 320689
34000 589908 320689
34000 589908 320689
34000 589908 320689
34000 589908 320689
34000 589908 320689
34000 589908 320689
34000 589908 320689
34000 589908 320689
34000 589908 320689
35000 624268 355546
35000 624268 355546
35000 624268 355546
35000 624268 355546
35000 624268 355546
35000 624268 355546
35000 624268 355546
35000 624268 355546
35000 624268 355546
35000 624268 355546
36000 634153 354756
36000 634153 354756
36000 634153 354756
36000 634153 354756
36000 634153 354756
36000 639064 365244
36000 639064 365244
36000 639064 365244
36000 639064 365244
36000 639064 365244
37000 677981 360847
37000 677981 360847
37000 677981 360847
37000 677981 360847
37000 677981 360847
37000 677981 360847
37000 677981 360847
37000 677981 360847
37000 677981 360847
37000 677981 360847
38000 666876 340689
38000 666876 340689
38000 666876 340689
38000 666876 340689
38000 666876 340689
38000 666876 340689
38000 666876 340689
38000 666876 340689
38000 666876 340689
38000 666876 340689
39000 711172 408265
39000 711172 408265
39000 711172 408265
39000 711172 408265
39000 711172 408265
39000 711172 408265
39000 711172 408265
39000 711172 408265
39000 711172 408265
39000 711172 408265
40000 795152 424376
40000 795152 424376
40000 795152 424376
40000 795152 424376
40000 795152 424376
40000 795152 424376
40000 795152 424376
40000 795152 424376
40000 795152 424376
40000 795152 424376
41000 714609 413379
41000 714609 413379
41000 714609 413379
41000 714609 413379
41000 714609 413379
41000 714609 413379
41000 714609 413379
41000 714609 413379
41000 714609 413379
41000 714609 413379
42000 778084 415092
42000 778084 415092
42000 778084 415092
42000 778084 415092
42000 778084 415092
42000 778084 415092
42000 778084 415092
42000 778084 415092
42000 757576 413341
42000 757576 413341
43000 805544 456769
43000 805544 456769
43000 805544 456769
43000 805544 456769
43000 805544 456769
43000 805544 456769
43000 805544 456769
43000 805544 456769
43000 805544 456769
43000 805544 456769
44000 791669 422103
44000 791669 422103
44000 791669 422103
44000 791669 422103
44000 791669 422103
44000 791669 422103
44000 791669 422103
44000 791669 422103
44000 791669 422103
44000 791669 422103
45000 812017 430738
45000 812017 430738
45000 812017 430738
45000 812017 430738
45000 812017 430738
45000 812017 430738
45000 812017 430738
45000 812017 430738
45000 812017 430738
45000 812017 430738
46000 859313 507908
46000 859313 507908
46000 859313 507908
46000 859313 507908
46000 859313 507908
46000 859313 507908
46000 859313 507908
46000 859313 507908
46000 859313 507908
46000 859313 507908
47000 847915 478001
47000 847915 478001
47000 847915 478001
47000 847915 478001
47000 847915 478001
47000 847915 478001
47000 847915 478001
47000 847915 478001
47000 847915 478001
47000 847915 478001
48000 898452 483246
48000 898452 483246
48000 898452 483246
48000 898452 483246
48000 898452 483246
48000 898452 483246
48000 898452 483246
48000 920559 509157
48000 920559 509157
48000 920559 509157
49000 878392 503368
49000 878392 503368
49000 878392 503368
49000 878392 503368
49000 878392 503368
49000 878392 503368
49000 878392 503368
49000 878392 503368
49000 878392 503368
49000 878392 503368
50000 1028423 606094
50000 1028423 606094
50000 1028423 606094
50000 1028423 606094
50000 1028423 606094
50000 1028423 606094
50000 1028423 606094
50000 1028423 606094
50000 1028423 606094
50000 1028423 606094
